BATCH_SIZE = 32
EPOCHS = 60
LEARNING_RATE = 0.00089355
WEIGHT_DECAY = 0.006956