BATCH_SIZE = 32
EPOCHS = 60
LEARNING_RATE = 0.0008935532131641973
WEIGHT_DECAY = 0.006955968863499973